0	11410110	74354367027036572268601306890092962151335100276420246457100356941939065190873389038583378778534727770723859982676662035845101763236647776975534791429097301864709657221089848774234631611480006138873889699936669915332189399366572109432536323382102895281043833728437897495898513300806535969568385220544094271140
1	81019711	17692775080110841020080354820016286411100577409918177079602521233345944885993832012640324563518394797488144125268793645201641143482956054270494564082621006288069687437599473910964644020606792505717203543461952071577290207317911281971090835906724797331106269460912551164256491110175737639019919194640763169132
2	51019510	123926588043741772296996714016453312379965837046675418863929482609899165458388813756325742481788933852921315428406624179818488881503109436091522410780098363493305382686628533013751553039269437563473210581487834583869776240133720910409792015028829970784719721355763582988839752463660478624386248736551048996147
3	99710611	96399177538181013399276910375469757045484316776385071086867005213715213029198406798090579512729125641354598309707106167439447840525359730534747435276439325257207342367649406591910362245553364386835090574420756870334259213602786785651453665903159332411063483197254096885651456445433177840394075596429105535631
4	11143261	42234192057230916495236329240775258051084039827426020652247293780118690750907179134545852868539626013844995473490537082148478872150038782928006929138233742260776332457233538539768367986586966572478352511397203104779291188133213234896556265973042974952666806248776144611164956545183728745658852740569046095920
5	32501011	84964370895316275359875533884895545222971442247647226135122872163138774940200759940157759042060525973208028880021670616047589695172339098721930934486764732779017981170871517938361748143549999782998352586646998480097648020803785778000328625844481946622403515851337342158379889575817597908833375525121311595337
6	41011081	69768368309505967190502658098242943576726351433074653595514588910888327326513728193957723451441332378279785081150196853524971178777061027915043372092218843624928529716425709228080246002430898273365571930812166108980126065172948089358412233296282558963556148993005093617362559462271858055035583654997544606088
7	1971151	58683162839145516445693439159378893345416386706698454372612132210377931490230659841383088058229582476740264793232422842143378003658463611359641701639770112015460455633721956977317038692404677737541126138386498936067312933205068081749279396860270594570512036303752684970315299814109693464512400246439342218590
8	1951091	87770660757474095421249885449701015964120408419845883404071768747522397275699244269463015457214915310224781605454691789149427064031368266383253023085644098064942355865388723543140210292909705110654492485703286080899621824988495106718957545263095975457034420202851038481979074251269294747721214348685293995033
9	5110111	82453529955775463557465956889222558292611681099121888700481816625004049150455982648936686619665332142987112858299442378764613484991515431962801171296595236675515173308257146455153261739517228559871939323584694919191502946156192267052651337735359672726118405654885191902742642051986303313492686226381076980542
10	11432613	85794845353916582835921709896941434003951856277279640332533245814435620214203506598544085280922127138684855192369310395624441603362191954346096310161565101157007021588684572742243078151306910434547888656316182737772585343228408087805745786837151932883340132939347809123786859368253566917878342549069013467468
11	25310114	115544598529246494022204221211113156580780519017048866285891019412219520859302577374475624716094990716065133199922992970652917119522032359001501734017955596083001053086215240407465779102777601549996394990714415437798363417490446665847748353781449920673596781473923555656219013578891879233146047134154856777070
12	10110810	112343555214598165935925191052578638083463560043173760628094081382352503203348991044393821137425190011179775675992910976696291387065216923579462164161721811307508048802766621563390034604196578952413964413678330784594276195787423398305239038727109712371131743055516654839652948463298746304486080904927587244556
13	19711510	117420346315692685987613923053244029209240162274030304751340316805825574499003367185457764004515110755871194263838502274536580694787833681022024267090487332340239080551425918970416785198135092106081908298903385347397990855238401919464693432316487895243665846207745502180602461163970476961152747999474734588789
14	19511297	74579560536054523212746485725630697311044529814398729378961138407932013648543205239879989969113938348757198194235249846292773448291328710010324449031867182649296069723399527051209540796229117872458122259048376171643330316620702060073309087956350153593057424972875171509963108682428278455877989511862970140401
15	11699104	116497685193086748135394213572509039486761169015867603632807638532357919153918742503948536884203840652986171756533643909706251104281311292930876110093439361135237554437391228815197502214112701950740083246067477648500804455443814095409013000368534864221650415641775126683472165881477577671611385388885334578113
16	32613248	38887205826700081634925098217558626787402234816870093253099569132778801376020216232104061299298530590431399264064264425558087637823990589996807744763880186808287812273230794516178763626226283233316349847032853808521134565027000384507649947076657174744173062016442804842308789556415752748297331200664317327818
17	10114101	31691154036665270911871169920913656968725636849189189239851634486725790157087771844313261303646560590654299130227386875132399506964184336900455707604963568774686446958187111287763855832066028221708362171036139374422514340920420549198653655363531377494081248273335362595896441639974493459523408547550169401311
18	10810197	97526343339910801853997529937075407856699748765884722805698490711746530031227434447544872901029065780643632856857336516715619767794935389637156044514839343087573125822264714473982237051159452984190965454416501419398594608894902526749412408898729002440450769551562074700564810443424421925010121290620961255755
19	11510195	115552182066896753994504555990699375765169922483789048751181002172013128716395413191141929949624455444658104233412362768005603419840256271031506447421998167160071272175296149151500438913030973742687687369984854245822379037510695610025890288062685749927168056229911810367169292670450240946521387386552214189247
20	11511195	121438261941441817905470615690724218990473439293130722353434094115933822318041403515627119383026444564349153501436377091804848558654255165342106817200521047361208991213063305709698939176836761053785011418402873551873012107399815413181208602729002693101034204578337412800048902815749286021831092223374615550653
21	97981059	115811172186280513692837951129637404951350651927936005697143848472654098186029450715380063962450883778717884822183238432558055649760302601080085751381250645059971391242538660088679907625009870583712340704842416010901767905108354128708438788579582175041409637720029966840851748279640965640475893243456055495174
22	51141011	112003073071580133259494699219096880853946799000157989929420655701837156227943106897284812595475704403456227661417049198948785217722521318945864597238254266463453908616966745006423065058036828102415730452340611695703382068442708746400125433888163422583919144374236738655085028125131568327423326853216128530821
23	18326132	44151905008742873455884352320840938529619830075509730231574575644858560178602883844803408963219281453312169476033834907491798106134654461032142877771936259552409766397043819017968339086345636013095496724106387748374731658969918543401319693197639454865312035932058280504616111018954699614325990063867121178717
24	52100000	57972479055316857812374435500925878317595539816827174273323089569768019731542313734092315377655805687933545026548046824798674933641645815484976242541508564979118201549036031549932109056341304076740549100612584757378342407332123053973286597942240373268494250091114914979332330851592753162814195957861764215685
